#Insert size (bp)	insert size
2.0	52.0
3.0	55.0
4.0	64.0
5.0	49.0
6.0	81.0
7.0	83.0
8.0	72.0
9.0	63.0
10.0	86.0
11.0	178.0
12.0	130.0
13.0	157.0
14.0	141.0
15.0	179.0
16.0	150.0
17.0	152.0
18.0	178.0
19.0	18985.0
20.0	6941.0
21.0	9676.0
22.0	6622.0
23.0	3243.0
24.0	2234.0
25.0	1287.0
26.0	931.0
27.0	1011.0
28.0	1329.0
29.0	826.0
30.0	617.0
31.0	716.0
32.0	1065.0
33.0	1087.0
34.0	936.0
35.0	760.0
36.0	1339.0
37.0	573.0
38.0	589.0
39.0	622.0
40.0	508.0
41.0	491.0
42.0	622.0
43.0	494.0
44.0	611.0
45.0	589.0
46.0	467.0
47.0	643.0
48.0	727.0
49.0	611.0
50.0	543.0
51.0	538.0
52.0	643.0
53.0	1039.0
54.0	802.0
55.0	931.0
56.0	1101.0
57.0	1097.0
58.0	696.0
59.0	789.0
60.0	1122.0
61.0	854.0
62.0	782.0
63.0	666.0
64.0	627.0
65.0	1057.0
66.0	772.0
67.0	722.0
68.0	843.0
69.0	804.0
70.0	1141.0
71.0	876.0
72.0	923.0
73.0	1645.0
74.0	1044.0
75.0	1109.0
76.0	1083.0
77.0	1235.0
78.0	1210.0
79.0	1291.0
80.0	1595.0
81.0	1275.0
82.0	1603.0
83.0	1444.0
84.0	1316.0
85.0	1510.0
86.0	1440.0
87.0	1943.0
88.0	1596.0
89.0	1464.0
90.0	1921.0
91.0	1350.0
92.0	1634.0
93.0	1876.0
94.0	1505.0
95.0	1813.0
96.0	2191.0
97.0	2244.0
98.0	2865.0
99.0	2289.0
100.0	4898.0
101.0	5069.0
102.0	4989.0
103.0	5311.0
104.0	5159.0
105.0	6172.0
106.0	5772.0
107.0	5716.0
108.0	6244.0
109.0	6638.0
110.0	6852.0
111.0	6530.0
112.0	6109.0
113.0	6819.0
114.0	6424.0
115.0	6818.0
116.0	6836.0
117.0	9734.0
118.0	7435.0
119.0	8195.0
120.0	7770.0
121.0	8184.0
122.0	9279.0
123.0	8290.0
124.0	8224.0
125.0	8881.0
126.0	8940.0
127.0	9518.0
128.0	9609.0
129.0	9630.0
130.0	9837.0
131.0	9997.0
132.0	10541.0
133.0	11329.0
134.0	11527.0
135.0	11761.0
136.0	11999.0
137.0	12772.0
138.0	12059.0
139.0	12570.0
140.0	13144.0
141.0	14361.0
142.0	13316.0
143.0	14193.0
144.0	14508.0
145.0	16119.0
146.0	16051.0
147.0	15088.0
148.0	15933.0
149.0	16182.0
150.0	16882.0
151.0	17193.0
152.0	18504.0
153.0	16814.0
154.0	17899.0
155.0	18941.0
156.0	18780.0
157.0	19600.0
158.0	21111.0
159.0	21259.0
160.0	21407.0
161.0	22514.0
162.0	22848.0
163.0	22777.0
164.0	23311.0
165.0	23429.0
166.0	24408.0
167.0	24725.0
168.0	25556.0
169.0	26197.0
170.0	26771.0
171.0	28026.0
172.0	30144.0
173.0	28711.0
174.0	29916.0
175.0	31719.0
176.0	32129.0
177.0	31841.0
178.0	32751.0
179.0	33237.0
180.0	33549.0
181.0	35086.0
182.0	36004.0
183.0	37673.0
184.0	37436.0
185.0	38973.0
186.0	40031.0
187.0	41340.0
188.0	41925.0
189.0	42842.0
190.0	43678.0
191.0	45778.0
192.0	45536.0
193.0	47867.0
194.0	48038.0
195.0	49950.0
196.0	52249.0
197.0	50115.0
198.0	53202.0
199.0	52993.0
200.0	53348.0
201.0	57170.0
202.0	56087.0
203.0	58486.0
204.0	58231.0
205.0	58464.0
206.0	60717.0
207.0	62889.0
208.0	62656.0
209.0	66034.0
210.0	65620.0
211.0	67262.0
212.0	69391.0
213.0	70769.0
214.0	70838.0
215.0	73242.0
216.0	75478.0
217.0	74925.0
218.0	79626.0
219.0	78486.0
220.0	81134.0
221.0	85421.0
222.0	81532.0
223.0	83881.0
224.0	85381.0
225.0	87723.0
226.0	88825.0
227.0	89507.0
228.0	90346.0
229.0	92295.0
230.0	93700.0
231.0	95360.0
232.0	99101.0
233.0	101645.0
234.0	102997.0
235.0	105297.0
236.0	105549.0
237.0	107685.0
238.0	108795.0
239.0	110262.0
240.0	111265.0
241.0	112533.0
242.0	117351.0
243.0	115075.0
244.0	119379.0
245.0	119847.0
246.0	123426.0
247.0	123855.0
248.0	126391.0
249.0	126428.0
250.0	128424.0
251.0	129640.0
252.0	132263.0
253.0	134406.0
254.0	136741.0
255.0	139159.0
256.0	141862.0
257.0	144268.0
258.0	145015.0
259.0	144327.0
260.0	146202.0
261.0	147837.0
262.0	148813.0
263.0	152374.0
264.0	152038.0
265.0	155712.0
266.0	161950.0
267.0	157677.0
268.0	160853.0
269.0	162798.0
270.0	163208.0
271.0	165634.0
272.0	168479.0
273.0	167314.0
274.0	169480.0
275.0	173057.0
276.0	174499.0
277.0	174869.0
278.0	178136.0
279.0	180454.0
280.0	180145.0
281.0	181396.0
282.0	182109.0
283.0	183688.0
284.0	185854.0
285.0	186572.0
286.0	188233.0
287.0	190876.0
288.0	193999.0
289.0	195054.0
290.0	192598.0
291.0	193949.0
292.0	195559.0
293.0	196347.0
294.0	198454.0
295.0	199831.0
296.0	201345.0
297.0	205643.0
298.0	204952.0
299.0	206505.0
300.0	207290.0
301.0	209966.0
302.0	207997.0
303.0	209120.0
304.0	209735.0
305.0	212188.0
306.0	213690.0
307.0	213405.0
308.0	217212.0
309.0	216856.0
310.0	216675.0
311.0	217646.0
312.0	219562.0
313.0	219444.0
314.0	218799.0
315.0	221464.0
316.0	221539.0
317.0	223253.0
318.0	221894.0
319.0	224164.0
320.0	223557.0
321.0	225221.0
322.0	222850.0
323.0	225367.0
324.0	227247.0
325.0	227132.0
326.0	227105.0
327.0	224733.0
328.0	226649.0
329.0	229539.0
330.0	228998.0
331.0	228879.0
332.0	228818.0
333.0	229208.0
334.0	227405.0
335.0	227178.0
336.0	227461.0
337.0	227967.0
338.0	229372.0
339.0	230012.0
340.0	229165.0
341.0	228406.0
342.0	229754.0
343.0	228569.0
344.0	227818.0
345.0	227194.0
346.0	227882.0
347.0	229578.0
348.0	230864.0
349.0	228052.0
350.0	226686.0
351.0	226797.0
352.0	226668.0
353.0	225234.0
354.0	225862.0
355.0	224642.0
356.0	225293.0
357.0	223686.0
358.0	221845.0
359.0	222079.0
360.0	223015.0
361.0	223426.0
362.0	223062.0
363.0	221587.0
364.0	219748.0
365.0	218434.0
366.0	217976.0
367.0	218429.0
368.0	217693.0
369.0	215672.0
370.0	216580.0
371.0	219274.0
372.0	214491.0
373.0	214689.0
374.0	214095.0
375.0	212532.0
376.0	210136.0
377.0	209149.0
378.0	211225.0
379.0	209522.0
380.0	209718.0
381.0	208445.0
382.0	208346.0
383.0	203356.0
384.0	203721.0
385.0	200847.0
386.0	201212.0
387.0	199878.0
388.0	199543.0
389.0	199551.0
390.0	200141.0
391.0	198784.0
392.0	196973.0
393.0	196065.0
394.0	194908.0
395.0	193465.0
396.0	189839.0
397.0	191524.0
398.0	189071.0
399.0	187950.0
400.0	188140.0
401.0	189013.0
402.0	187165.0
403.0	184588.0
404.0	185541.0
405.0	183144.0
406.0	180581.0
407.0	179213.0
408.0	181816.0
409.0	176827.0
410.0	176222.0
411.0	177059.0
412.0	175982.0
413.0	175448.0
414.0	172581.0
415.0	171777.0
416.0	170641.0
417.0	168876.0
418.0	167916.0
419.0	165663.0
420.0	166233.0
421.0	163399.0
422.0	163928.0
423.0	162985.0
424.0	161382.0
425.0	161574.0
426.0	159501.0
427.0	157827.0
428.0	156389.0
429.0	155230.0
430.0	153560.0
431.0	152085.0
432.0	152591.0
433.0	152613.0
434.0	150834.0
435.0	150889.0
436.0	148465.0
437.0	147664.0
438.0	145875.0
439.0	144425.0
440.0	143897.0
441.0	143411.0
442.0	142486.0
443.0	141402.0
444.0	140908.0
445.0	138416.0
446.0	140783.0
447.0	136648.0
448.0	135997.0
449.0	134368.0
450.0	134145.0
451.0	132566.0
452.0	132210.0
453.0	130665.0
454.0	130506.0
455.0	129394.0
456.0	127900.0
457.0	127526.0
458.0	125879.0
459.0	125185.0
460.0	123007.0
461.0	123264.0
462.0	121341.0
463.0	120257.0
464.0	120077.0
465.0	118848.0
466.0	117520.0
467.0	117060.0
468.0	116553.0
469.0	114807.0
470.0	112848.0
471.0	112894.0
472.0	112218.0
473.0	110995.0
474.0	109519.0
475.0	108610.0
476.0	107181.0
477.0	105822.0
478.0	105313.0
479.0	104700.0
480.0	103668.0
481.0	102418.0
482.0	101136.0
483.0	100917.0
484.0	99919.0
485.0	97683.0
486.0	97690.0
487.0	95951.0
488.0	96672.0
489.0	93998.0
490.0	92927.0
491.0	92346.0
492.0	91901.0
493.0	90750.0
494.0	90552.0
495.0	88731.0
496.0	90242.0
497.0	87734.0
498.0	86074.0
499.0	86679.0
500.0	84822.0
501.0	83287.0
502.0	82995.0
503.0	81782.0
504.0	81080.0
505.0	80246.0
506.0	78666.0
507.0	77925.0
508.0	77054.0
509.0	77223.0
510.0	75693.0
511.0	74574.0
512.0	73849.0
513.0	73288.0
514.0	72363.0
515.0	71879.0
516.0	70672.0
517.0	70740.0
518.0	68808.0
519.0	68114.0
520.0	67598.0
521.0	66906.0
522.0	65727.0
523.0	65478.0
524.0	64367.0
525.0	63588.0
526.0	63864.0
527.0	62219.0
528.0	61606.0
529.0	61768.0
530.0	60225.0
531.0	59906.0
532.0	58795.0
533.0	58419.0
534.0	57074.0
535.0	57169.0
536.0	55980.0
537.0	55375.0
538.0	55058.0
539.0	54583.0
540.0	53820.0
541.0	52987.0
542.0	52182.0
543.0	51856.0
544.0	50995.0
545.0	49734.0
546.0	49113.0
547.0	48717.0
548.0	48187.0
549.0	47467.0
550.0	47426.0
551.0	46891.0
552.0	45835.0
553.0	44760.0
554.0	45028.0
555.0	43497.0
556.0	43116.0
557.0	42496.0
558.0	42137.0
559.0	41430.0
560.0	41193.0
561.0	40236.0
562.0	39545.0
563.0	40490.0
564.0	38844.0
565.0	38288.0
566.0	37067.0
567.0	37019.0
568.0	36260.0
569.0	36185.0
570.0	35211.0
571.0	35020.0
572.0	34558.0
573.0	34417.0
574.0	33421.0
575.0	33129.0
576.0	32733.0
577.0	32016.0
578.0	31461.0
579.0	31670.0
580.0	31819.0
581.0	30114.0
582.0	30069.0
583.0	29229.0
584.0	28770.0
585.0	28762.0
586.0	28522.0
587.0	28040.0
588.0	27251.0
589.0	26917.0
590.0	26438.0
591.0	26172.0
592.0	25476.0
593.0	25222.0
594.0	25288.0
595.0	24948.0
596.0	24227.0
597.0	23976.0
598.0	23550.0
599.0	23369.0
600.0	23032.0
601.0	22560.0
602.0	22153.0
603.0	21670.0
604.0	21256.0
605.0	21106.0
606.0	20750.0
607.0	20325.0
608.0	20042.0
609.0	20197.0
610.0	19175.0
611.0	19138.0
612.0	19132.0
613.0	18248.0
614.0	17875.0
615.0	17578.0
616.0	17907.0
617.0	17462.0
618.0	17243.0
619.0	16908.0
620.0	16427.0
621.0	16137.0
622.0	15838.0
623.0	15796.0
624.0	15375.0
625.0	15269.0
626.0	14641.0
627.0	14733.0
628.0	14280.0
629.0	14354.0
630.0	13927.0
631.0	13749.0
632.0	13638.0
633.0	13142.0
634.0	13246.0
635.0	12911.0
636.0	12462.0
637.0	12444.0
638.0	12230.0
639.0	11906.0
640.0	11708.0
641.0	11695.0
642.0	11476.0
643.0	11185.0
644.0	11210.0
645.0	10989.0
646.0	10776.0
647.0	10412.0
648.0	10349.0
649.0	10202.0
650.0	10155.0
651.0	9775.0
652.0	9801.0
653.0	9781.0
654.0	9626.0
655.0	9140.0
656.0	9112.0
657.0	9113.0
658.0	8693.0
659.0	8562.0
660.0	8630.0
661.0	8218.0
662.0	8121.0
663.0	8010.0
664.0	7853.0
665.0	7753.0
666.0	7578.0
667.0	7551.0
668.0	7249.0
669.0	7158.0
670.0	7062.0
671.0	7312.0
672.0	6813.0
673.0	7131.0
674.0	6717.0
675.0	6426.0
676.0	6267.0
677.0	6314.0
678.0	6069.0
679.0	5972.0
680.0	6070.0
681.0	5782.0
682.0	5711.0
683.0	5582.0
684.0	5531.0
685.0	5160.0
686.0	5556.0
687.0	5181.0
688.0	4963.0
689.0	5063.0
690.0	5020.0
691.0	4803.0
692.0	4724.0
693.0	4728.0
694.0	4485.0
695.0	4394.0
696.0	4317.0
697.0	4247.0
698.0	4276.0
699.0	4277.0
700.0	3948.0
701.0	3897.0
702.0	3832.0
703.0	3934.0
704.0	3756.0
705.0	3607.0
706.0	3622.0
707.0	3540.0
708.0	3588.0
709.0	3464.0
710.0	3537.0
711.0	3433.0
712.0	3456.0
713.0	3305.0
714.0	3138.0
715.0	3104.0
716.0	3011.0
717.0	2795.0
718.0	2979.0
719.0	2963.0
720.0	2805.0
721.0	2887.0
722.0	2753.0
723.0	2729.0
724.0	2715.0
725.0	2555.0
726.0	2523.0
727.0	2633.0
728.0	2453.0
729.0	2383.0
730.0	2384.0
731.0	2427.0
732.0	2310.0
733.0	2140.0
734.0	2231.0
735.0	2170.0
736.0	2166.0
737.0	2085.0
738.0	2136.0
739.0	2128.0
740.0	1940.0
741.0	1971.0
742.0	2013.0
743.0	2065.0
744.0	1878.0
745.0	1756.0
746.0	1743.0
747.0	1759.0
748.0	1787.0
749.0	1771.0
750.0	1651.0
751.0	1668.0
752.0	1558.0
753.0	1607.0
754.0	1529.0
755.0	1532.0
756.0	1641.0
757.0	1342.0
758.0	1425.0
759.0	1484.0
760.0	1385.0
761.0	1402.0
762.0	1294.0
763.0	1468.0
764.0	1338.0
765.0	1276.0
766.0	1311.0
767.0	1281.0
768.0	1269.0
769.0	1140.0
770.0	1119.0
771.0	1039.0
772.0	1118.0
773.0	1089.0
774.0	1073.0
775.0	1094.0
776.0	1066.0
777.0	957.0
778.0	1102.0
779.0	1007.0
780.0	921.0
781.0	1105.0
782.0	926.0
783.0	938.0
784.0	904.0
785.0	894.0
786.0	899.0
787.0	1295.0
788.0	918.0
789.0	807.0
790.0	767.0
791.0	850.0
792.0	874.0
793.0	843.0
794.0	799.0
795.0	873.0
796.0	774.0
797.0	727.0
798.0	652.0
799.0	755.0
800.0	2873.0
801.0	738.0
802.0	633.0
803.0	583.0
804.0	645.0
805.0	611.0
806.0	567.0
807.0	565.0
808.0	597.0
809.0	517.0
810.0	573.0
811.0	560.0
812.0	530.0
813.0	477.0
814.0	538.0
815.0	484.0
816.0	480.0
817.0	487.0
818.0	449.0
819.0	456.0
820.0	466.0
821.0	471.0
822.0	476.0
823.0	464.0
824.0	479.0
825.0	1347.0
826.0	428.0
827.0	443.0
828.0	426.0
829.0	407.0
830.0	428.0
831.0	395.0
832.0	406.0
833.0	390.0
834.0	285.0
835.0	340.0
836.0	406.0
837.0	266.0
838.0	162.0
839.0	159.0
840.0	224.0
841.0	160.0
842.0	96.0
843.0	92.0
844.0	103.0
845.0	125.0
846.0	95.0
847.0	108.0
848.0	100.0
849.0	130.0
850.0	93.0
851.0	119.0
852.0	106.0
853.0	89.0
854.0	82.0
855.0	101.0
856.0	97.0
857.0	84.0
858.0	82.0
859.0	106.0
860.0	112.0
861.0	103.0
862.0	91.0
863.0	316.0
864.0	80.0
865.0	95.0
866.0	69.0
