# Position (bp)	A	C	G	T	N
0.0	27.25317972902323	24.259769736874	27.064934934577373	21.415065556653875	0.0070500428715226686
1.0	30.856002050155475	19.232684743883922	19.467942608207334	30.439203005758802	0.004167591994470356
2.0	27.659990279070694	20.630922637511397	18.984308823403424	32.72362588679488	0.0011523732196058092
3.0	28.033922769798686	21.946123544409264	20.65362326523814	29.365894274416384	4.361461375311647E-4
4.0	28.730327217233807	22.203862554041155	20.33727540728992	28.72815521126596	3.796101691542914E-4
5.0	30.612102314624316	21.379197107262627	20.64696747565577	27.36137991612029	3.531863369939889E-4
6.0	28.322377024552893	19.863003130267078	19.612732352864104	32.20152492887034	3.6256344558934335E-4
7.0	28.231651394495362	21.15831986246699	20.526079392231132	30.083502646905586	4.4670390093198804E-4
8.0	27.109613089033246	21.434731029444052	20.79465822649356	30.660447850689376	5.498043397643221E-4
9.0	30.463391623203893	19.726903961171452	20.205769304952906	29.603537671581563	3.9743909018243474E-4
10.0	28.977894047211933	21.392326372094768	21.980751839307825	27.64842128366401	6.064577214605377E-4
11.0	28.08394353353044	21.690125842695146	21.44972273920337	28.77563261289166	5.752716793788884E-4
12.0	28.634402914019535	20.963866803434136	21.106474005180587	29.29463441306504	6.218643007046774E-4
13.0	28.59328148731431	20.89590699515868	21.121641068470474	29.38861623490112	5.542141554165682E-4
14.0	28.735303845258723	20.95956308934611	21.192450273507603	29.1122407008381	4.4209104946289676E-4
15.0	28.517407649357885	20.888841631198375	21.277461821594695	29.315829363823827	4.595340252186813E-4
16.0	28.590881329895772	20.932745589501287	21.244470928071518	29.231431336983004	4.7081554841990256E-4
17.0	28.71841169294278	20.84519654963761	21.252108008392035	29.18388703502509	3.967140024846098E-4
18.0	28.769408202967224	20.724005338396353	21.282710193235726	29.223422884545556	4.533808551428491E-4
19.0	28.926627875893452	20.75561730449399	21.193380971187505	29.122580447764502	0.0017934006605529397
20.0	28.835143816355068	20.58807063292181	21.22918533203858	29.343777726638315	0.003822492046230929
21.0	28.873230377831653	20.65799705542942	21.274544600524838	29.19375971026564	4.682559484483105E-4
22.0	28.961906518003666	20.471628425419464	21.239958728708004	29.326061045185035	4.4528268382802385E-4
23.0	28.980183935620563	20.570702322007747	21.382179709502243	29.06647556291041	4.584699590357091E-4
24.0	29.045564296894433	20.629358543412643	21.267202445901553	29.05745628045754	4.184333338350325E-4
25.0	28.851537269341026	20.716583841183116	21.177518375611662	29.252303325542687	0.0020571883215067983
26.0	28.89398258312104	20.66350371854908	21.057996311474806	29.384067118637496	4.502682175729167E-4
27.0	28.817163797988727	20.745653018937983	21.11043305424304	29.326331636935187	4.1849189506746817E-4
28.0	28.857678319663588	20.791407623101488	21.151687507438336	29.198813708671096	4.1284112549521144E-4
29.0	28.86082472415106	20.692151476806934	21.155697488105073	29.29088674934757	4.395615893608621E-4
30.0	28.774068814761854	20.724420922035115	21.09755872314493	29.40354548287799	4.060571801096807E-4
31.0	28.738207510109454	20.89197533774122	21.094731861014623	29.274558212349895	5.270787848095356E-4
32.0	28.832131177631894	20.78491321676435	21.061660370015332	29.320887775379717	4.0746020870596533E-4
33.0	28.923940122098564	20.709252772445105	21.033091451793663	29.333306588612512	4.0906505016119807E-4
34.0	28.840034971038925	20.700395822793293	21.169417775887904	29.28977213679192	3.7929348795762906E-4
35.0	28.79804793395041	20.766321241122466	21.130720813597826	29.304445750965918	4.642603633780204E-4
36.0	28.808547587724743	20.712332961390093	21.18407336343264	29.294641142381582	4.049450709481234E-4
37.0	28.850311394565235	20.53143456899063	21.156770659847403	29.46108306320239	4.003133943410946E-4
38.0	28.88231271333887	20.656798870223362	21.084238444232426	29.37623101121999	4.189609853504025E-4
39.0	28.90208286692932	20.61104973229047	21.156389509276888	29.33007340249505	4.044890082751918E-4
40.0	28.9129450000802	20.553704046007994	21.136467733430898	29.39650034593341	3.828745474957352E-4
41.0	28.843962779434513	20.594281448904606	21.346513637593848	29.21479141449324	4.50719573799571E-4
42.0	28.864574683530474	20.599501288591256	21.323058289482933	29.212375822233312	4.899161620239645E-4
43.0	28.833596789399664	20.669874340277655	21.189936490085948	29.306242924755406	3.494554813289869E-4
44.0	28.877576921513665	20.573916081180013	21.262652797848112	29.283622267946736	0.0022319315114750094
45.0	28.98819435458047	20.573693585770616	21.166115620544588	29.27162752971241	3.689093919141439E-4
46.0	28.89443152716377	20.702720211331503	21.20801602353832	29.19442233881437	4.0989915203832E-4
47.0	28.894430679843914	20.686781719694263	21.14854102143753	29.269854632610638	3.919464136577272E-4
48.0	28.83716293193535	20.72640561037332	21.133240582145927	29.302809728291816	3.811472535903536E-4
49.0	29.00143896304847	20.604787668036163	21.141547068848816	29.25184077269965	3.8552736690109407E-4
50.0	29.011959860584934	20.54056028055463	21.19627442764167	29.250807496070347	3.979351484196389E-4
51.0	28.934863647103427	20.4987921784506	21.322464397878797	29.24343999944551	4.397771216683728E-4
52.0	28.802288198607883	20.581666905748307	21.36170420819246	29.253993748535322	3.4693891602583454E-4
53.0	28.936713929223117	20.52967897864341	21.339871557501457	29.193335161673456	4.0037295855713647E-4
54.0	28.987266333161006	20.579594353207614	21.222311194984858	29.210443864723256	3.842539232659893E-4
55.0	28.93995597351736	20.590177497368348	21.137458241935363	29.33196170784559	4.4657933333888363E-4
56.0	28.856592141050687	20.665899233841348	21.14224078329519	29.334932736470314	3.351053424588103E-4
57.0	28.784645822112804	20.692699011975417	21.127188872417257	29.395034997364107	4.3129613041824674E-4
58.0	28.879896515576416	20.591876345871928	21.18651244031467	29.341372558554934	3.4213968205351386E-4
59.0	28.737519631994513	20.745284018340406	21.27194246106644	29.24083866091668	0.004415227681959497
60.0	28.78806065523754	20.679059818145884	21.302425110814898	29.230070490095773	3.839257059041975E-4
61.0	28.82944319687997	20.605385217511166	21.208770503925276	29.356044809999776	3.562716838080256E-4
62.0	28.86608191683202	20.72880033082338	21.158773118616132	29.245965249117738	3.793846107317077E-4
63.0	28.845783129268575	20.66997855669965	21.112791382273087	29.371133480083333	3.134516753511184E-4
64.0	28.844599753863726	20.620867464080046	21.16028637572106	29.372119214794743	0.002127191540420134
65.0	28.85947474349468	20.697535074826767	21.122082838952075	29.320533401654146	3.739410723358555E-4
66.0	28.835314216047063	20.696418735176053	21.067348599699187	29.40060329218939	3.15156888303983E-4
67.0	28.871067948131664	20.672558143923833	21.110758389639937	29.342039539799963	0.0035759785046035938
68.0	28.898478296495355	20.59312405826531	21.078598277734322	29.429419268763013	3.800987419977865E-4
69.0	28.772919380354416	20.63190107527391	21.259811989799296	29.334994600759217	3.729538131594501E-4
70.0	28.78270729421863	20.70382575072932	21.23240026414707	29.280761397799882	3.0529310510119234E-4
71.0	28.857747659723216	20.715873285457402	21.135270836508933	29.290697908106857	4.103102035923629E-4
72.0	28.968859568326437	20.678434697163965	21.11821346670155	29.234122020728105	3.70247079938712E-4
73.0	28.826442436489728	20.63516816769321	21.226868956110504	29.311176900044224	3.435396623348659E-4
74.0	28.88995761153133	20.602070775559216	21.175058557716955	29.332444919194074	4.681359984202991E-4
75.0	28.851311158746068	20.563315771307614	21.21787744241565	29.367029273521734	4.663540089365888E-4
76.0	28.944260561782052	20.614204483256096	21.178309420676165	29.262861526713618	3.640075720694943E-4
77.0	28.870472055138418	20.589903046918216	21.19425811906242	29.345037474204656	3.2930467629105564E-4
78.0	28.908726493341813	20.66025469157686	21.11030867573289	29.3203283145234	3.818248250361167E-4
79.0	28.743527284329467	20.775886285541365	21.12861762008813	29.351676869900412	2.9194014062916784E-4
80.0	28.79925654654062	20.726134623957982	21.134712344817682	29.33950840149371	3.8808319001106624E-4
81.0	28.931524002482107	20.58713102004121	21.087004757784715	29.39397971199779	3.605076941732939E-4
82.0	28.84530813214745	20.616555564819457	21.22476044251164	29.309921036120446	0.003454824401005465
83.0	28.838680371309984	20.5652139367881	21.304009438318978	29.291749060185307	3.471933976279124E-4
84.0	28.739292082064622	20.622922769088333	21.295663690258515	29.341744857717657	3.7660087087393345E-4
85.0	28.899248704289988	20.606729548556384	21.220293380555386	29.27167245429575	0.00205591230249196
86.0	28.98377109148706	20.627578728510578	21.1749950709626	29.21330336887028	3.5174016948337375E-4
87.0	28.895082479278933	20.71331003251657	21.1796817070207	29.211544615237962	3.811659458400061E-4
88.0	28.892413009412877	20.704793445986116	21.037409386883308	29.365018983366003	3.651743516926134E-4
89.0	28.79398723191633	20.738322731952987	21.032547012786797	29.43478493129786	3.580920460282964E-4
90.0	28.771707811297997	20.78283895065268	21.172453238147323	29.26859994921812	0.004400050683880038
91.0	28.749098204856317	20.777638099952714	21.137335080746585	29.33560162042909	3.2699401529672655E-4
92.0	28.9181942479314	20.65292786853396	21.18913538768679	29.239356640801933	3.858550459151019E-4
93.0	28.855517045827305	20.63088947305934	21.20229686302047	29.310960612487065	3.3600560582127125E-4
94.0	28.914982648170174	20.614022686046212	21.10763087218337	29.362932346743925	4.3144685631953225E-4
95.0	28.806131452639548	20.65840003685388	21.103662758978047	29.431483003702745	3.2274782577405473E-4
96.0	28.873672914667708	20.650230402817	21.10197777930423	29.37366322595262	4.556772584401571E-4
97.0	28.779520939020784	20.78332008855121	21.115685469583752	29.32112655587987	3.469469643759406E-4
98.0	28.867674474174805	20.667790897310795	21.091685191083794	29.372477441478566	3.719959520417466E-4
99.0	28.767025798366124	20.633738140760478	21.05539483502314	29.543464689298947	3.7653655130868627E-4
100.0	28.77990537088111	20.650433409904505	21.093930979626897	29.475356258723284	3.7398086421140404E-4
101.0	28.779743207310926	20.606039453388792	21.15862175443724	29.455211654941	3.8392992203919E-4
102.0	28.746864956480618	20.70205396512506	21.21102423498802	29.339645091293615	4.1175211268803234E-4
103.0	28.79510437598121	20.70374693555081	21.22504450279339	29.275704791035338	3.9939463924295004E-4
104.0	28.849480701326097	20.57450677182175	21.167567420302156	29.408067014197	3.7809235299903393E-4
105.0	28.770302190512187	20.700326207075808	21.205518326529766	29.321748379506985	0.002104896375253987
106.0	28.816733425974817	20.68573308547515	21.200726306254186	29.29646725513902	3.3992715683065373E-4
107.0	28.802445874848125	20.742462947395353	21.22763132300965	29.22696853910875	4.913156381248227E-4
108.0	28.875163261186508	20.762624721482982	21.18248793260801	29.17930507028421	4.190144382884936E-4
109.0	28.926294970312988	20.648907379882946	21.024030218852214	29.400378688698215	3.8874225363880665E-4
110.0	28.85908764241568	20.628307410907155	21.14349509789258	29.368683275437352	4.265733472348449E-4
111.0	28.914157899558724	20.653933785164348	21.138061626195345	29.29344052426356	4.061648180249814E-4
112.0	28.904018822338607	20.658683531804716	21.165275672419444	29.27163981983808	3.821535991575828E-4
113.0	28.767021508096498	20.68841723597065	21.303134944980933	29.24099010223574	4.3620871617716374E-4
114.0	28.781744872324538	20.614593201846404	21.21325893510019	29.389965649885124	4.3734084374184336E-4
115.0	28.779902577225325	20.675912226644574	21.299118113794556	29.2447121472038	3.5493513174082356E-4
116.0	28.892680497551638	20.537000855310286	21.20933760602456	29.360544970252594	4.360708609214837E-4
117.0	28.869475942392032	20.634399219537137	21.235851564508256	29.259841426465815	4.318470967621436E-4
118.0	28.826208705019173	20.649050801030434	21.28677517114761	29.237477378444936	4.879443578503257E-4
119.0	28.98461449320493	20.663916340646377	21.147010499848513	29.204047885735406	4.107805647787753E-4
120.0	28.837390646058502	20.667550449983846	21.087000290496533	29.407634899434765	4.237140263523619E-4
121.0	28.72792516680503	20.722396996005905	21.250447485314105	29.29878195307235	4.4839880261099467E-4
122.0	28.748137030881278	20.706299906654145	21.232656655113082	29.31248926154276	4.1714580873967604E-4
123.0	28.84453316997888	20.615522687131264	21.257186099151806	29.282352314270494	4.05729467561039E-4
124.0	28.78868448414089	20.68071441959273	21.243777065119644	29.284740472825575	0.00208355832115769
125.0	28.697797100342047	20.744842428962073	21.15312307447347	29.403870790907067	3.666053153425773E-4
126.0	28.682343943160188	20.755850210296916	21.146942629355472	29.414449133616206	4.140835712161902E-4
127.0	28.82842951945877	20.72548643298921	21.060357162551625	29.385323277676033	4.0360732435734827E-4
128.0	28.76103125071583	20.765507899363907	21.156740727193384	29.316326997815178	3.931249117001046E-4
129.0	28.78382425963898	20.814710191598316	21.060753553202062	29.336976726392106	0.0037352691685402614
130.0	28.667192935703607	20.79136409655108	21.190839824698646	29.34876945830714	0.0018336847395241272
131.0	28.794657867352257	20.79830039950529	21.259885898014712	29.146664704330334	4.911307974072522E-4
132.0	28.78677109041103	20.818961801331124	21.280838465063077	29.113048147828856	3.8049536591317753E-4
133.0	28.885699863094764	20.792522394442855	21.380962346911808	28.94035577963451	4.5961591606605615E-4
134.0	28.8898627952817	20.744354701990865	21.310123413828016	29.055199758556938	4.5933034247670334E-4
135.0	28.73831858369603	20.670594431976244	21.44836830080625	29.14220170022606	5.169832954080865E-4
136.0	28.928676812646	20.627885905313953	21.492787530728297	28.95010244809189	5.473032198592242E-4
137.0	28.879344267857636	20.548238538899586	21.438697281381753	29.13312555689726	5.943549637628403E-4
138.0	28.40735010115163	20.92243112178217	22.195045854129173	28.47462350396833	5.494189686991128E-4
139.0	27.3021151091962	21.416826195449815	21.812657402374157	29.46778242136751	6.188716123129587E-4
140.0	29.089642388814546	19.92834739377068	20.159913421397164	30.82163708399735	4.597120202635127E-4
141.0	30.146607801814667	20.403245188639797	21.863298911767625	27.586263810940558	5.842868373498773E-4
142.0	29.710775324860695	20.171027566185913	21.465519179146554	28.65220647901909	4.7145078774515686E-4
143.0	31.61449465047935	19.231768619706653	20.35986353922448	28.793469797986425	4.0339260308927815E-4
144.0	26.924541493436266	20.300110203515523	21.791352623487683	30.98358616904694	4.0951051358935223E-4
145.0	28.262514157588175	19.96099468755716	22.48562586272059	29.290493901847682	3.7139028639561955E-4
146.0	28.921415689606008	20.265934036428497	22.452148226705205	28.360046247232713	4.5580002758164706E-4
147.0	32.261228173409215	18.608211772735793	21.08843121655779	28.04100660176706	0.0011222355301347285
148.0	30.07415399263807	19.057257049642384	19.655034121839293	31.209416745883374	0.004138089996882897
149.0	21.319560012171273	26.415495890344907	24.57170104788809	27.68596036305801	0.007282686537716541
