#Position (bp)	insert size
3030263.0	367.3148114862841
9090788.0	370.20424637450765
1.5151313E7	370.3783665830179
2.1211838E7	370.59448499594487
2.7272363E7	370.18573636060336
3.3332888E7	371.6015306819735
3.9393413E7	370.0749841938883
4.5453938E7	371.69859988477856
5.1514463E7	370.31289053459847
5.7574988E7	372.1281399129477
6.3635513E7	372.1267569390218
6.9696038E7	371.2174138628489
7.5756563E7	372.8341746228619
8.1817088E7	372.21234222093034
8.7877613E7	372.0287049338037
9.3938138E7	373.2680509332948
9.9998663E7	371.5168159450561
1.058157535E8	369.2872700543552
1.08846016E8	369.6655505952381
1.12119713E8	367.76712812366037
1.18180238E8	369.4005212783402
1.24240763E8	369.73296078001067
1.30301288E8	370.79578947368424
1.36361813E8	369.849863345988
1.42422338E8	372.43610087062046
1.48482863E8	370.45312870192436
1.54543388E8	369.0340223454602
1.60603913E8	372.6439987937274
1.66664438E8	371.10390514148344
1.72724963E8	370.4986834042694
1.78785488E8	368.8801123484774
1.84846013E8	370.38195358788676
1.90906538E8	369.07176542272157
1.96967063E8	369.1040516120315
2.03027588E8	365.4954267792046
2.08354926E8	360.5422525154171
2.113851885E8	347.9089347157971
2.15148638E8	364.9381460048276
2.21209163E8	364.40779879118736
2.27269688E8	363.99953030314697
2.33330213E8	370.51947059868536
2.39390738E8	371.8423673711985
2.45451263E8	368.9301596546526
2.51511788E8	366.12666649408476
2.57572313E8	369.1227450917899
2.63632838E8	370.957306088407
2.69693363E8	368.83220943452056
2.75753888E8	371.0240763026085
2.81814413E8	370.6379336875549
2.87874938E8	371.86903753377504
2.93935463E8	372.0968516810215
2.99995988E8	371.6508194193777
3.06056513E8	372.27659847947484
3.100092195E8	370.20450792097375
3.13039482E8	372.23436928240653
3.18177563E8	370.92548474974626
3.24238088E8	369.58397821725424
3.30298613E8	371.65118561055317
3.36359138E8	369.90168354765217
3.42419663E8	372.22062015364247
3.48480188E8	372.2269512891466
3.54540713E8	372.89716983853754
3.60601238E8	370.7623698596748
3.66661763E8	369.8167332791002
3.72722288E8	372.2280095274284
3.78782813E8	370.5384381235837
3.84843338E8	370.4225585063302
3.90903863E8	346.2138801230623
3.96964388E8	365.5697768108936
4.02444307E8	369.85281114585047
4.054745695E8	365.75185943971854
4.09085438E8	370.6225171505249
4.15145963E8	368.05402274641955
4.21206488E8	369.2648607975922
4.27267013E8	370.5660559966426
4.33327538E8	372.80072317814734
4.39388063E8	372.01725455640775
4.45448588E8	372.06412636951643
4.51509113E8	373.11132862371267
4.57569638E8	372.9430320582143
4.63630163E8	372.40780274277176
4.69690688E8	356.27941576985626
4.75751213E8	369.60951018781213
4.81811738E8	369.5826009889755
4.87872263E8	368.3027253212208
4.93932788E8	368.6984397586575
4.977176485E8	368.1574532977507
5.00747911E8	369.8118474494596
5.06053838E8	367.08803783338266
5.12114363E8	369.34393439811674
5.18174888E8	372.21402998236334
5.24235413E8	370.21139180171593
5.30295938E8	371.6944738887711
5.36356463E8	370.62518059013183
5.42416988E8	371.45840514967114
5.48477513E8	370.9261504237836
5.54538038E8	371.87406281575574
5.60598563E8	371.3507442883679
5.66659088E8	370.6160999590332
5.72719613E8	369.58498090316783
5.78780138E8	372.5940559565497
5.848168205E8	370.7433650565631
5.87847083E8	368.62017434620174
5.90901188E8	366.3314304508187
5.96961713E8	370.5731738843995
6.03022238E8	370.17762983571805
6.09082763E8	369.66846266135246
6.15143288E8	367.44636084820104
6.21203813E8	368.19134809389635
6.27264338E8	376.7928661066927
6.33324863E8	371.0844255215988
6.39385388E8	371.2136637877962
6.45445913E8	371.5580325130933
6.51506438E8	369.7802713902657
6.57566963E8	369.2410777498874
6.63627488E8	371.24015829537854
6.69688013E8	369.73203391715793
6.73249596E8	369.89293739260694
6.762798585E8	371.7036619082548
6.81809063E8	372.33262735902576
6.87869588E8	370.68115967355783
6.93930113E8	369.0184500301225
6.99990638E8	366.4741130772551
7.06051163E8	370.5940398623509
7.12111688E8	368.49942781013544
7.18172213E8	372.4378308938025
7.24232738E8	373.09648905095554
7.30293263E8	372.1497645408323
7.36353788E8	374.12492854749377
7.42414313E8	371.21131756916975
7.48474838E8	369.4871900271803
7.529792235E8	371.3813176895307
7.56009486E8	372.4879249346254
7.60595888E8	371.0700694035393
7.66656413E8	371.1827198964692
7.72716938E8	371.3279252790591
7.78777463E8	370.8921069788537
7.84837988E8	370.6921392317007
7.90898513E8	368.8773524923703
7.96959038E8	351.9198220916149
8.03019563E8	366.80754508439867
8.09080088E8	368.43383328391053
8.15140613E8	367.8297894003117
8.21201138E8	368.0208351351139
8.27261663E8	367.060064179303
8.314417805E8	368.1383059244478
8.34472043E8	364.1031648059471
8.39382713E8	371.1365139348134
8.45443238E8	368.9953351255831
8.51503763E8	372.8112570658046
8.57564288E8	369.1455917656473
8.63624813E8	369.04756820201
8.69685338E8	370.2220015019744
8.75745863E8	369.4101117735322
8.81806388E8	368.0572537181331
8.87866913E8	370.99039153176034
8.93927438E8	370.51430433306103
8.99987963E8	372.0776288592299
9.04517679E8	323.9169929779724
9.075479415E8	365.82278056951424
9.12109013E8	369.4942940653196
9.18169538E8	371.23152833349246
9.24230063E8	370.62626043405675
9.30290588E8	368.97691324557763
9.36351113E8	365.16367265469063
9.42411638E8	367.4127169759935
9.48472163E8	371.40572424425227
9.54532688E8	370.0886345123258
9.60593213E8	370.98733049504443
9.66653738E8	373.1217135993594
9.72714263E8	370.2127919960695
9.768683365E8	367.61708860759495
9.79898599E8	364.5039376079667
9.84835313E8	371.5656988449719
9.90895838E8	371.0815664599143
9.96956363E8	372.6132899325738
1.003016888E9	370.2447741130155
1.009077413E9	373.2186855049883
1.015137938E9	371.82179728376343
1.021198463E9	369.4550297019981
1.027258988E9	367.4072180638917
1.033319513E9	369.3435080394096
1.039380038E9	366.4596948677973
1.0443459135E9	362.28551586440386
1.047376176E9	369.9156162203824
1.051501088E9	370.8268832744531
1.057561613E9	372.53327768850335
1.063622138E9	371.2917213620676
1.069682663E9	372.7837397033087
1.075743188E9	371.8206996424854
1.081803713E9	371.87996893190325
1.087864238E9	372.8465145557552
1.093924763E9	372.30822858934516
1.099985288E9	371.06754003158375
1.106045813E9	369.19035164948986
1.1117359955E9	368.3389267162379
1.114766258E9	361.2293915407372
1.118166863E9	366.31165781863695
1.124227388E9	370.9164731576358
1.130287913E9	371.44564255544304
1.136348438E9	373.3801483881803
1.142408963E9	372.243206965675
1.148469488E9	371.11118894859595
1.154530013E9	372.0861440333355
1.160590538E9	371.2737652614115
1.166651063E9	371.0648796886058
1.172711588E9	370.9642050184326
1.178772113E9	368.7616980260328
1.1818822675E9	341.35175135668476
1.18491253E9	367.80704656285087
1.190893163E9	369.1562096512487
1.196953688E9	370.5641337630943
1.203014213E9	372.0851760141316
1.209074738E9	372.42904976116495
1.215135263E9	371.71467565553456
1.221195788E9	373.0871939049666
1.227256313E9	371.7501680210179
1.233316838E9	370.89222913042727
1.239377363E9	371.9088389059946
1.245391653E9	370.95106934250555
1.2484219155E9	353.5283261802575
1.251498413E9	368.4514386443762
1.257558938E9	365.29493618476715
1.263619463E9	369.1268050033001
1.269679988E9	369.40835221811705
1.275740513E9	372.01244262567053
1.281801038E9	371.7722583618413
1.287861563E9	372.31333473503304
1.293922088E9	369.7364566420503
1.299982613E9	369.714739688979
1.306043138E9	368.15932120019676
1.309719165E9	365.0338076979796
1.3127494275E9	371.9473671627518
1.318164188E9	369.11544101696387
1.324224713E9	368.4517289050542
1.330285238E9	366.6642799143722
1.336345763E9	366.79656880338814
1.342406288E9	366.8264585324757
1.348466813E9	366.8967526526157
1.354527338E9	367.12233848843135
1.360587863E9	365.3990686825911
1.366648388E9	367.3297557428982
1.3700714755E9	367.48640362569984
1.373101738E9	368.76538553091757
1.378769438E9	370.63036165197184
1.384829963E9	371.68746838754686
1.390890488E9	370.89655373978104
1.396951013E9	373.0241104718067
1.403011538E9	371.13825353959777
1.409072063E9	371.74140430901383
1.415132588E9	369.2275527167731
1.421193113E9	370.55199572699865
1.426217195E9	352.1465442106743
1.4292474575E9	372.8960525231437
1.433314163E9	371.1323744911805
1.439374688E9	371.81575086037475
1.445435213E9	372.57555280317655
1.451495738E9	370.8743926749916
1.457556263E9	371.75454585019804
1.463616788E9	372.4675030700709
1.469677313E9	371.3369413723822
1.475737838E9	370.63635646825884
1.481798363E9	371.2528833963781
1.4852620925E9	338.6091182703234
1.488292355E9	365.3053074868501
1.493919413E9	364.5465875716556
1.499979938E9	366.5088804990151
1.506040463E9	368.6520009820771
1.512100988E9	369.7677230474048
1.518161513E9	371.53295586400634
1.524222038E9	369.34681983207616
1.530282563E9	366.55801721003513
1.536343088E9	367.45771212255164
1.541143975E9	369.6194838499281
1.5441742375E9	372.350233562489
1.548464138E9	370.1809508509822
1.554524663E9	372.6638147581544
1.560585188E9	372.2981059418797
1.566645713E9	371.80315699807034
1.572706238E9	372.66390720733364
1.578766763E9	371.60077318154003
1.584827288E9	371.84574697849905
1.590887813E9	371.5423181463441
1.5965550695E9	372.2602067636236
1.599585332E9	369.59325056135253
1.603008863E9	369.4487623545876
1.609069388E9	368.9341715483957
1.615129913E9	368.8406669867596
1.621190438E9	370.7057667442462
1.627250963E9	371.30718712259454
1.633311488E9	366.3889539410726
1.639372013E9	372.2570475604427
1.645432538E9	372.0631098271283
1.651493063E9	369.79196034661555
1.6547785435E9	366.56609195402297
1.657808806E9	365.55014936260375
1.663614113E9	363.4004117805031
1.669674638E9	364.752185540391
1.675735163E9	371.18556320708313
1.681795688E9	371.4469345256876
1.687856213E9	371.6213999014154
1.693916738E9	368.0238876299708
1.699977263E9	369.98934515414066
1.705875606E9	370.3467149271511
1.7089058685E9	308.0202923551843
1.712098313E9	372.0383361327932
1.718158838E9	372.32597285572285
1.724219363E9	372.4974867381385
1.730279888E9	369.7890405153416
1.736340413E9	368.04411812561017
1.742400938E9	372.3954409506103
1.748461463E9	371.3580136169144
1.754521988E9	370.9704226838578
1.759643948E9	369.3068434047435
1.7626742105E9	370.6033618233618
1.766643038E9	371.17460549787313
1.772703563E9	371.9716698275084
1.778764088E9	372.2014615449811
1.784824613E9	373.1328039856765
1.790885138E9	372.1314697959678
1.796945663E9	373.3207413226817
1.803006188E9	372.3226613024515
1.809066713E9	366.7741753570127
1.8129015965E9	369.4684901795397
1.815931859E9	370.04661402079864
1.821187763E9	369.6107253053627
1.827248288E9	369.0038946199527
1.833308813E9	372.56513777317093
1.839369338E9	371.32614110014634
1.845429863E9	371.6867184293624
1.851490388E9	371.01314130661655
1.857550913E9	368.7352772732479
1.86112494E9	363.9833280189496
1.8641552025E9	367.97652108321734
1.869671963E9	369.9985185681166
1.875732488E9	369.70433045951035
1.881793013E9	370.7360135288272
1.887853538E9	368.37721971209413
1.893914063E9	367.9211297650258
1.899974588E9	368.88292578522123
1.905072828E9	368.7670357856315
1.9081030905E9	339.1007359341616
1.912095638E9	371.11606500918685
1.918156163E9	372.02227822757686
1.924216688E9	370.0860861813807
1.930277213E9	369.56319685876724
1.936337738E9	369.0602967492397
1.942398263E9	368.3463236355624
1.948458788E9	361.64073395388056
1.9517024095E9	346.91144027734003
1.954732672E9	370.0411455353007
1.960579838E9	370.7216458997392
1.966640363E9	368.9109254335992
1.972700888E9	370.2000486419346
1.978761413E9	371.06464386821125
1.984821938E9	373.4526513878621
1.990882463E9	372.6914070444223
1.99470617E9	369.15300851079644
1.9977364325E9	328.770857641968
2.003003513E9	371.897723345238
2.009064038E9	371.37885786734523
2.015124563E9	369.99051914964707
2.021185088E9	369.4264566823709
2.027245613E9	365.2796973411675
2.033306138E9	367.45874018611784
2.0376677585E9	365.9459748319255
2.040698021E9	365.58339733040776
2.045427188E9	368.8920813846584
2.051487713E9	368.1605213783299
2.057548238E9	363.488505563881
2.063608763E9	369.89842582232205
2.069669288E9	370.34400458684195
2.075729813E9	369.465805231642
2.08062241E9	365.0850690381465
2.0836526725E9	368.6812170455528
2.087850863E9	368.5745089852652
2.093911388E9	369.36113761340573
2.099971913E9	370.8914751286449
2.106032438E9	371.0708522141887
2.112092963E9	370.1008048684727
2.118153488E9	371.60294393986845
2.122814749E9	338.74731309327683
2.1258450115E9	332.3536015258155
2.130274538E9	367.4040263460262
2.136335063E9	332.01686264698526
2.142395588E9	369.7592179504002
2.148456113E9	367.0783354122143
2.154516638E9	366.8700096811775
2.160577163E9	364.4937302574902
2.164333346E9	359.76876075731496
2.1673636085E9	365.8294762484775
2.172698213E9	369.0685395649768
2.178758738E9	370.1471472769069
2.184819263E9	370.57354775131466
2.190879788E9	371.5610491462003
2.196940313E9	370.94488296011673
2.200471474E9	373.72113289760347
2.2035017365E9	358.9447541975977
2.209061363E9	369.1961496688869
2.215121888E9	368.1509495529596
2.221182413E9	368.8299791048059
2.227242938E9	368.92795638152865
2.233303463E9	365.8129749750518
2.239363988E9	358.544079867735
2.245424513E9	370.4684359546977
2.251485038E9	369.64856108597286
2.2550298675E9	360.5128278766992
2.256716793E9	364.6606942704556
2.2592324885E9	368.25023353136794
2.263606088E9	370.0192504643372
2.2680379885E9	359.06271374211263
2.271068251E9	369.93980150264355
2.275150289E9	368.74473335372693
2.2781805515E9	371.2036476650037
2.2810649335E9	370.1351772177832
2.284095196E9	358.8873965041398
2.286863889E9	370.0246557878633
2.2898941515E9	367.4572191819903
2.292569301E9	366.209800852248
2.2955995635E9	369.53177319741053
2.298023116E9	370.4655155829165
2.3010533785E9	360.16328136383504
2.3032761955E9	364.2923631268141
2.305726498E9	369.7039792505631
2.3084800655E9	359.2503035032952
2.310562795E9	355.89946893911326
2.3135930575E9	360.3577287874904
2.3153597735E9	366.4629792860291
2.3173218515E9	366.67701335380735
2.320112891E9	367.5534171747967
2.3218157355E9	356.77930535455863
2.324104308E9	366.02026513093557
2.3264999105E9	370.51311895837443
2.3281018815E9	371.85022678885497
2.3305262675E9	359.65843521768954
2.332696249E9	370.8141897709661
2.3340637585E9	370.20679250578905
2.3361446245E9	367.2138085054034
2.338413254E9	358.10707734979644
2.3396969045E9	370.6498127340824
2.341282827E9	367.877139550466
2.343768183E9	370.09299151132535
2.345212523E9	373.5058383233533
2.3464412305E9	346.5292467557166
2.348664199E9	369.8752755757775
2.3506764065E9	373.0415193096619
2.351829762E9	371.72941506522653
2.3532287305E9	346.17577302253136
2.35533412E9	364.6648151025482
2.356965414E9	368.8509797964454
2.3579923135E9	366.8214360918088
2.3594256075E9	367.89592877967516
2.3613898805E9	370.59807194244604
2.362986849E9	368.676267281106
2.363964524E9	359.0173341848371
2.3652977505E9	370.3347497012349
2.367184152E9	329.3854999465425
2.368881188E9	371.9261634426689
2.3697565645E9	374.2052194543298
2.3706984965E9	353.70748636588996
2.372334567E9	362.77178627760253
2.3739034665E9	368.67554990227404
2.3752063695E9	371.28462294833975
2.375970559E9	372.51008814887365
2.3769485995E9	363.4933523856859
2.378384549E9	336.1280296255532
2.379784425E9	370.6385279730969
2.3811339795E9	369.2173974142777
2.381829853E9	379.0769230769231
2.3825553845E9	367.3011134987302
2.3839077945E9	356.58772027042005
2.385231647E9	364.9386417567517
2.3865327585E9	367.7128094302554
2.387513637E9	362.9235319578704
2.3881178915E9	361.6801983266192
2.388976153E9	365.7648227478736
2.390135233E9	369.5457047779467
2.3912785605E9	370.3967213114754
2.3924167735E9	371.37987555720656
2.393445447E9	369.93051398828885
2.3939914115E9	371.7836990595611
2.394571339E9	366.28623230787224
2.3955587125E9	365.0743521655526
2.3965083185E9	346.0307488562925
2.3973815095E9	370.3038911165076
2.398204472E9	353.0037474593496
2.399008019E9	323.92617957041847
2.3996857855E9	371.44776119402985
2.400080534E9	377.6316568047337
2.400576461E9	365.2719678788998
2.401268413E9	340.85816140183056
2.401882513E9	366.2278223484703
2.4024857835E9	361.1820737377014
2.4030750295E9	369.74107283309735
2.4036453465E9	368.3425963488844
2.404194517E9	366.84934466369003
2.4047122695E9	367.7700251375773
2.4051954835E9	367.47927736450583
2.4056611505E9	366.46119432017116
2.4059597555E9	368.3568695652174
2.406188412E9	373.032506576475
2.4065714E9	369.6605204808029
2.4070052555E9	371.60759013282734
2.4074245895E9	366.0432618025751
2.407839546E9	352.17003138939367
2.4082493335E9	343.95099075297225
2.4086503585E9	348.2264776643475
2.4090421515E9	364.6139946174548
2.409427902E9	368.2448104306056
2.409805046E9	366.62042508733555
2.410161153E9	371.94962812711293
2.4104943005E9	342.6325184896685
2.410818599E9	371.00984984984984
2.411123151E9	360.7654006173668
2.411403608E9	368.2320754716981
2.411678159E9	359.6888312650491
2.411941166E9	352.57590939454667
2.4120781315E9	373.6345565749235
2.412203583E9	372.5971436270547
2.4124428045E9	368.315828266077
2.4126909585E9	373.1846019247594
2.412929563E9	366.26207711626535
2.41315913E9	351.3946508779093
2.413379875E9	365.4905229504453
2.4135920255E9	365.3718347401155
2.413802629E9	357.44688891888245
2.4140093035E9	372.0252837977296
2.4142075505E9	370.3844079982027
2.4143957815E9	368.06858710562415
2.4145791295E9	368.9816561844864
2.4147587085E9	372.27733549959385
2.414931115E9	369.66824644549763
2.4150951695E9	362.23420289855073
2.415253924E9	376.2301054650048
2.415408627E9	362.2958298348727
2.4155600265E9	369.84200385356456
2.4157084505E9	374.49138638228055
2.4158498925E9	370.1116528522672
2.415986574E9	370.8971518987342
2.4161227585E9	366.65334063526836
2.416256149E9	372.5792714212417
2.4163852695E9	292.6550880626223
2.416512669E9	375.3447600391773
2.4166347765E9	319.6368754398311
2.416749712E9	372.2155715571557
2.416859066E9	365.0662488809311
2.416964761E9	370.70864733682464
2.4170659975E9	364.61909400876766
2.417162979E9	362.77174218546537
2.4172582435E9	0.0
2.4173505735E9	365.484068627451
2.4174374315E9	364.19444444444446
2.4175190495E9	376.31008287292815
2.4175993905E9	332.02830188679246
2.4176783755E9	362.39051997810617
2.4177553255E9	352.9095528455285
2.417831197E9	380.21267297887835
2.4179067045E9	371.5283129013427
2.4179826515E9	336.39852447282937
2.418058242E9	373.5103132161956
2.4181224995E9	306.21402364451694
2.418159414E9	401.59016393442624
2.418205188E9	358.14584186808685
2.4182750285E9	353.61182519280203
2.4183428225E9	365.5320450097847
2.418410283E9	355.2315166877905
2.418477194E9	372.579098067287
2.418543574E9	368.6357516828721
2.4186097135E9	367.6916859122402
2.418675613E9	348.46767355590885
2.418741227E9	373.0759728227301
2.418805693E9	369.65990389749066
2.418868672E9	364.5158562367865
2.4189308255E9	352.27617521367523
2.418991469E9	369.7470449172577
2.4190506425E9	372.015503875969
2.4191079875E9	340.56920556920556
2.4191626E9	377.74058577405856
2.419215914E9	367.5880503144654
2.419268586E9	385.978886756238
2.4193204205E9	366.39748334566985
2.4193717995E9	356.0230061349693
2.4194229305E9	218.5
2.4194739365E9	257.8890095400605
2.4195241455E9	348.1802914025136
2.41957283E9	370.9963474025974
2.419620464E9	367.1551204819277
2.419667433E9	313.0896551724138
2.41971306E9	370.31984829329963
2.4197575325E9	376.6257142857143
2.4198017625E9	373.971397139714
2.419845666E9	375.2543352601156
2.4198883255E9	363.14521452145215
2.4199299245E9	368.5534090909091
2.419970851E9	334.6464925121045
2.4200110165E9	0.0
2.420051009E9	376.87147335423197
2.420090877E9	0.0
2.4201298455E9	367.06317267197005
2.4201678345E9	333.20582877959924
2.420205613E9	373.50152905198775
2.420243184E9	369.9692532942899
2.420280559E9	362.9485869935308
2.420317194E9	213.00444444444443
2.4203527895E9	289.4397463002114
2.420388023E9	371.282874617737
2.4204227395E9	345.6323024054983
2.420456698E9	365.3956310679612
2.4204902945E9	0.0
2.4205236435E9	283.6217183770883
2.4205560195E9	380.97258485639685
2.420587549E9	315.3597437693925
2.420618918E9	339.65369860890456
2.4206499595E9	366.98056537102474
2.42068066E9	348.46913172664244
2.4207107975E9	351.28279747532514
2.420740466E9	371.11095700416087
2.4207699155E9	369.8440545808967
2.420798686E9	311.12535211267607
2.420826881E9	365.63829787234044
2.4208548905E9	365.6666666666667
2.4208827165E9	361.7328726388629
2.4209103175E9	327.15281899109794
2.4209376005E9	319.2872629103408
2.4209646635E9	365.0487288135593
2.4209914535E9	375.9978632478632
2.421018004E9	370.06006006006004
2.421044309E9	379.64918032786886
2.4210703815E9	373.65474860335195
2.4210963865E9	256.02285714285716
2.4211222145E9	230.558524173028
2.421147785E9	20.0
2.4211730045E9	370.98536585365855
2.4211979135E9	350.45454545454544
2.4212226915E9	385.42487046632124
2.4212473475E9	368.3314606741573
2.421271866E9	358.8244680851064
2.421296257E9	364.0438596491228
2.421320557E9	365.8539944903581
2.4213445865E9	372.25871559633026
2.4213683155E9	370.4326241134752
2.4213919455E9	369.40776699029124
2.4214155065E9	377.8653992395437
2.421439032E9	355.17045454545456
2.421462501E9	347.7842907385698
2.4214859205E9	373.549815498155
2.4215092545E9	374.9974093264249
2.4215324675E9	352.38709677419354
2.421555553E9	368.6241379310345
2.421578508E9	372.337037037037
2.4216012195E9	366.5016233766234
2.421623736E9	0.0
2.421646079E9	362.0406654343808
2.421668226E9	368.66923076923075
2.4216902475E9	363.3056768558952
2.4217119585E9	360.24087591240874
2.421733372E9	365.9137709137709
2.4217546325E9	373.9064449064449
2.421775792E9	241.5
2.421796816E9	305.531914893617
2.421817722E9	373.24129032258065
2.4218386065E9	374.70188679245285
2.4218594435E9	315.03932584269666
2.4218802435E9	357.2543352601156
2.4219010375E9	369.5946327683616
2.4219217215E9	342.6842105263158
2.421942296E9	375.0315581854043
2.421962814E9	353.50121457489877
2.4219832225E9	360.6832061068702
2.4220035635E9	258.77008310249306
2.422023864E9	349.62689804772236
2.422044067E9	343.9764705882353
2.4220641955E9	378.43457943925233
2.422084303E9	365.0
2.422104396E9	337.531914893617
2.4221244555E9	365.79701492537316
2.4221444035E9	328.8041136141038
2.4221642275E9	370.3893129770992
2.422183984E9	359.38028169014086
2.4222037095E9	373.1936416184971
2.4222231845E9	371.2087912087912
2.4222423815E9	365.1304347826087
2.422261511E9	376.84393063583815
2.422280493E9	349.5111111111111
2.422299341E9	359.81852791878174
2.4223181165E9	355.62332182585345
2.422336687E9	348.3489578236618
2.422355078E9	384.30545454545455
2.422373344E9	356.2041884816754
2.4223914915E9	369.3462365591398
2.422409616E9	370.69202898550725
2.4224276485E9	347.55026455026456
2.4224454015E9	369.50295857988164
2.4224629445E9	362.9017432646593
2.4224804525E9	381.58199356913184
2.4224979275E9	291.13461538461536
2.422515379E9	365.6327503974563
2.4225327585E9	0.0
2.4225500585E9	328.42857142857144
2.422567299E9	307.2
2.4225844335E9	0.0
2.4226013965E9	339.1867396593674
2.422618131E9	376.1666666666667
2.4226346495E9	369.10917030567686
2.4226509695E9	0.0
2.422667158E9	373.20754716981133
2.4226832645E9	359.2273211664145
2.422699046E9	329.48195594925653
2.4227145345E9	356.64255319148936
2.4227299925E9	374.2535211267606
2.422745315E9	381.9230769230769
2.422760445E9	374.69832402234636
2.4227754795E9	434.7129256682534
2.4227904805E9	365.31020408163266
2.4228054665E9	366.84060402684565
2.422820332E9	318.2065789473684
2.4228350035E9	293.33769633507853
2.4228494855E9	322.99607843137255
2.422863838E9	367.508658008658
2.4228781165E9	371.5366666666667
2.4228922815E9	367.0899182561308
2.422906345E9	359.43093922651934
2.4229203365E9	324.4818791946309
2.4229342235E9	363.92825112107624
2.422947994E9	380.22222222222223
2.4229616875E9	380.2881355932203
2.4229753115E9	323.758064516129
2.422988891E9	368.14502164502164
2.4230024295E9	381.2682926829268
2.4230158805E9	372.3722943722944
2.423029175E9	368.4530201342282
2.4230423195E9	365.01565995525726
2.4230552695E9	342.85714285714283
2.4230680715E9	341.09963099630994
2.4230808075E9	354.8466898954704
2.423093439E9	342.6321070234114
2.4231059945E9	343.253045923149
2.4231185145E9	363.56616800920597
2.423130952E9	388.10185185185185
2.423143273E9	367.73622047244095
2.4231555095E9	360.98830409356725
2.4231676295E9	357.4078014184397
2.4231796505E9	365.4227642276423
2.4231918045E9	352.271404109589
2.4232038595E9	348.4033898305085
2.4232156425E9	378.0541666666667
2.423227393E9	364.26510067114094
2.4232390875E9	367.50205761316874
2.4232507015E9	297.8333333333333
2.4232622495E9	380.40865384615387
2.423273756E9	361.4557823129252
2.423285185E9	295.61847745750185
2.423296521E9	370.45175438596493
2.423307804E9	393.21973094170403
2.423318868E9	342.3663003663004
2.4233297105E9	0.0
2.4233405315E9	355.5682946543533
2.423351346E9	313.3453453453453
2.423362075E9	348.933719882582
2.423372701E9	337.7991578053793
2.423383302E9	333.49706293706294
2.4233938645E9	342.7488572196827
2.42340434E9	380.6870588235294
2.423414742E9	275.53562653562653
2.423425032E9	346.0149625935162
2.423435224E9	246.3267543859649
2.4234454025E9	364.1010101010101
2.423455571E9	372.91373801916933
2.4234657215E9	269.72566371681415
2.423475812E9	371.0807453416149
2.423485827E9	369.92198581560285
2.4234957655E9	364.26661242202334
2.4235055705E9	350.88428571428574
2.4235151125E9	352.378752886836
2.4235244765E9	361.16195372750644
2.4235337995E9	20.0
2.423543079E9	377.85
2.4235523275E9	394.4548611111111
2.423561506E9	380.29194630872485
2.4235706125E9	281.0892857142857
2.4235796735E9	254.80675675675676
2.423588697E9	374.2939068100358
2.42359768E9	356.63613861386136
2.423606618E9	385.5131578947368
2.4236154535E9	303.8723404255319
2.423624191E9	221.94937413073714
2.4236328705E9	375.6119402985075
2.4236415085E9	337.1011235955056
2.423650132E9	381.50276243093924
2.423658707E9	357.43367346938777
2.4236672305E9	377.0
2.4236757315E9	377.2439024390244
2.423684195E9	394.5625
2.423692593E9	314.5
2.4237008765E9	361.62068965517244
2.4237090145E9	358.24915824915826
2.423717061E9	353.7142857142857
2.4237249765E9	0.0
2.4237327785E9	338.0673076923077
2.423740561E9	328.3
2.42374833E9	370.7307692307692
2.423756067E9	356.4470404984424
2.4237637655E9	378.56944444444446
2.4237714305E9	0.0
2.423779045E9	381.4193548387097
2.4237866105E9	0.0
2.4237941445E9	357.9465240641711
2.423801665E9	365.3497757847534
2.423809115E9	387.1461538461538
2.4238164475E9	350.1192660550459
2.4238237265E9	372.7480916030534
2.423831E9	366.2518518518518
2.423838242E9	378.0982658959538
2.4238454155E9	320.7395833333333
2.423852514E9	372.31468531468533
2.4238595685E9	362.0238095238095
2.423866605E9	389.2019230769231
2.423873604E9	378.25954198473283
2.423880568E9	369.22556390977445
2.423887511E9	0.0
2.4238944165E9	365.3313609467456
2.423901252E9	0.0
2.423908013E9	275.04761904761904
2.4239147475E9	342.38690476190476
2.4239214795E9	307.8888888888889
2.423928106E9	390.26229508196724
2.4239346155E9	568.0
2.423941106E9	341.3803680981595
2.423947577E9	372.77966101694915
2.423953934E9	418.9019607843137
2.423960178E9	381.24642857142857
2.4239664075E9	347.99619771863115
2.4239725855E9	352.2335766423358
2.4239786595E9	370.2808510638298
2.4239846745E9	370.74257425742576
2.4239906665E9	322.75367647058823
2.4239966135E9	355.01612903225805
2.4240025335E9	370.30120481927713
2.4240084515E9	361.1363636363636
2.4240143565E9	371.03508771929825
2.4240202055E9	368.5734597156398
2.424025977E9	309.6666666666667
2.42403171E9	336.68163265306123
2.4240374355E9	350.58833619210975
2.4240430915E9	360.7952380952381
2.424048676E9	383.8813559322034
2.424054224E9	0.0
2.424059736E9	356.53809523809525
2.424065227E9	390.099173553719
2.424070671E9	358.9375
2.424076071E9	365.4326923076923
2.424081423E9	370.1623931623932
2.424086736E9	0.0
2.424092034E9	360.875
2.4240973105E9	228.48717948717947
2.4241025485E9	382.5
2.424107729E9	305.54918032786884
2.4241128665E9	331.25
2.4241179815E9	0.0
2.42412308E9	369.1206030150754
2.4241281575E9	398.22352941176473
2.424133209E9	0.0
2.4241382495E9	366.5194942044257
2.424143266E9	368.61290322580646
2.424148257E9	326.01780333357596
2.4241532335E9	0.0
2.424158185E9	344.88461538461536
2.4241631205E9	363.2015503875969
2.424167966E9	364.25373134328356
2.4241727195E9	371.85526315789474
2.42417746E9	319.6794871794872
2.4241821845E9	381.8222222222222
2.424186824E9	237.0
2.4241911275E9	298.5343137254902
2.424195133E9	153.57355679702047
2.4241987975E9	0.0
2.4242021445E9	345.1748633879781
2.4242054065E9	244.6315789473684
2.424208331E9	292.8666666666667
